25 40
0     0    0
1     0  900
2     0 1800
3     0 2700
4     0 3600
5  2000    0
6  2000  900
7  2000 1800
8  2000 2700
9  2000 3600
10 4000    0
11 4000  900
12 4000 1800
13 4000 2700
14 4000 3600
15 6000    0
16 6000  900
17 6000 1800
18 6000 2700
19 6000 3600
20 8000    0
21 8000  900
22 8000 1800
23 8000 2700
24 8000 3600
0 1
0 5
1 2
1 6
2 3
2 7
3 4
3 8
4 9
5 6
5 10
6 7
6 11
7 8
7 12
8 9
8 13
9 14
10 11
10 15
11 12
11 16
12 13
12 17
13 14
13 18
14 19
15 16
15 20
16 17
16 21
17 18
17 22
18 19
18 23
19 24
20 21
21 22
22 23
23 24
