100
 23741  23768
 57134  57184
 73514  73538
 57615  57648
  9351   9450
 39214  39224
 85619  85653
 78963  79047
 86199  86206
 78679  78715
 86624  86665
 14356  14421
 18805  18840
 51999  52021
 50818  50841
 19141  19213
 33509  33546
 15025  15047
 84754  84850
 73732  73772
 50912  50956
  1931   1966
 17049  17140
 37047  37093
 26436  26497
 38346  38403
 13404  13447
 80013  80047
 36541  36598
 34611  34663
 79750  79794
 46671  46720
 78216  78227
 36537  36557
 65681  65697
 84516  84520
 60551  60554
 52006  52082
  9488   9574
 10432  10518
 42108  42194
 27625  27711
  1065   1115
 18455  18460
 63101  63168
 55968  55975
 32476  32498
 73231  73236
 27916  28014
 47069  47110
 66193  66217
 71023  71087
 65321  65370
 38415  38475
 64092  64112
  7500   7517
 49970  50062
  5554   5621
  4122   4215
 57734  57746
 28939  28945
 31216  31302
 73493  73515
 61129  61148
 26400  26410
 49298  49389
  5619   5646
 63110  63147
 87360  87383
 10726  10815
  2485   2506
 43424  43430
 40092  40190
 79290  79364
 34251  34260
 45963  46028
 14801  14848
 62236  62291
 16970  17007
 83569  83608
 81847  81877
 71700  71796
 26765  26842
  1042   1133
 38219  38284
 77066  77134
 52178  52184
   189    234
 66320  66363
  9949  10030
 44118  44124
 67299  67308
 29956  29975
 64391  64444
 81704  81761
 71966  71997
 21355  21434
 61182  61273
 83836  83838
  8931   8975
